1219
77, 56, 37.11, 110.
78, 1. ιι, 55“ῑ,’656. ιιι, 1505.
78,12.11, 1611.
79, 15. 11, 103.
80, 3. 1, 250. (ιιιιὶὒμῶν proﬂuam )
mugit ιφυσικήν. ⁸81, 8. ιν, 718.
87, 5. ἐν νεκροῖς ἐλεύθερος, 1, 222.
101, 3. 1,657, 1211. 111,1121.

72, 2. 11, 1536.
72: Ξῖ '1'1 , 1336'. v, 721.
72, 1. _1, 1337.
72, 5. ibid.
72, 6 seqq. ν, 157.
72,16, 17,11,1337, 1311.
72, 18-20. 11, 13337.
72, 22, 23 11, 1337. 1v, 333. 11e-
morabilith expl.
72, 27. 11, 171, 733.
71, 3, 6. 1v, 363.
71, 8. 1, 673.
71, 9. 11, 321.
73, 2. 11, 1008.
75, 6.11, 60,1531.
73, 8, 9. 1v, 1221.
76, 3. 1, 657, 121-1.
77,1-7. 11,1031.
77, 6. ιι, 133.
77, 20. 11,1313.
77,23. ιι, 108. v, 123.
77, 21. 11, 168.
77, 25.1,111.
77, 50, 1,231 (ubi πλείοσιν pro
77::‘3031'1, 1163.
77,19. ιι, 005, 1619.
77, 65. 11, 108.
77, 63,66. 1v, 1998.
79.1V, 510. Aliegatus ad locum
plane alienum, hujus postrema
Verba ex 15:1. 51, 6. petita, re-
liqua ex pluribus forte mista.
79, 6. 1,1318.
79, 8. 1,111. ιι, 1550.
79, 9. 11. 770.
79,11,12.11, 798.
79,11.11. 65. 103.
80, 6. 1,.73. ut p"pigetu1',_l_16brai-
cam lingugm’ fuisse διδακτὴν,
μ, Δ. _|_1, 516. (ubl leg. Ps. 89.)
80, 9. V, 111.
80,10. 1,1171.
80,11.11. 150.
80, 12. 11, 830.
80,13. 1,160. ιι, 1018.
80,11. 1, 160.
81,1.1, 60, 921.
81, 2, 3.1, 60, 921.
81,1-7. 1,157.
8126.1, 60,1320. ιι , 1673. 1v,
1265, 1266.
81, 6, 7_.__1, 610. 1v, 33. γ, 971.
82, 2. 111, 890.
82, 10. 11, 201.
82,11.11. 1361.
82, 18. 1, 620.
82, 19. ιν, 381.
83, 1-3. 1, 650.
83, 1, 2. 11, 56.
83, 2. 11, 1390.
83, 2, 3, 1. ιι, 70.
81,1. 1, 639. 11, 125.
85H. 11)], 103. lin. 16, 17. (ante1 . a.
85, 1.111,1221.
85, 9. 11, 208.
85.11. 111, 1221.
85, 16. Ι, 801. ,
86. 1. 1, 1303.
87, 1, 5. 1v, 39.
expl. de Christo peccati ex-
perte.87, 7. 111, 123.
88, 9, 5 1v, 30.
88.1. 11,1116. ιν, 50.
88, 3. 1v, 30, 32,131.
88, 6. 1, 1108.
88, 16. 11.215.
88, 26. 111, 17. (ubi 89, 10.)
