1219
77, 21. 11, 168.
πίοσιν.77, 51. 11), 1165.
77, 56, 57. ΙΙ, 110.
77, 65, 66. ιν, 1⁵228.
79, 8.Ι,11‹1.11,1556.
79, 9. 11. 770.
69, 5. 1, 250. (υδιῡμῶνρτοὴμῶν ι
80,11. 11. 150.
82, 10. 11, 204.
.82, 19. ιν, 581.
Ιῐ.. a.
86. 1. 1, 1505.
87, 4, 5. ιν, 59.
87, 5. ,ἐν γεκρᾳῖς ἐλεύθερος, 1.7 222.
61Ῡῗίῗιι. 125. ’
88, 2, 3. ιν, 50.
88, 4. 11, 1116. ιν, 50.
κθ, 6 ι, 1196.
88, 16. 11. 215.

72, 2.11, 1556.
7513271, ἱξὲῖιζ v, 721.
72, 1. 1, 1:757.
72, 5. ibid.
72, 6 seqq. ν, 1117.
72; 16, 171111557, 1511.
72, 18-20. 11, 17:37.
72, 22, 23 11, 1537.1V, 553. Me-
morabiliter expl.
72, 27. 11, 171, 755.
71, 5, 6. IV, 563.
71, 8. 1, 675.
71, 9. 11, 521.
75,2.11, 1008.
75,6. 11,60,1531.
75, 8, 9. ιν, 1’321.
76, 3.1, 657, 1⁸214,
77,1-7. 11, 1051.
77, 6. 11,13‘3.
77,20. 11,1512.
77, 25. 11. 168. v, 125.
77, 25. ,1, 141.
77, 5o, 31. 1.2511661 πλείοσιν pro
77,19. 11, 005, 1619.
77,615.11, 106.
78, 4. 11, 53‘3, 636. 17,1505.
78,12.1|,1611.
79. ιν, 510. Allegatus ad locum
plane alit-num, cujus postrema
verba ex 15:1. 51, 6. pelim, re-
liqua ex pluribus forte mista.79. 6.1.1318.
, ν. ι, “nu.
79,11,1211, 798.
79,13. 11,105.
79,11. 11. 65. 105.
80, 6. 1, >75. ιιι probetur, HébraiL
cam lingugm' fuisse διδακτὴν,
..ηιξ 111911“- -Μ, ἢ. η , ι η . (ubl leg. Ps. 89.)
80, 9. v.111.
80,10. 1,1171.
80, 12. 11, 830.
60,15. 1, 160.11, 1018.
80,11. 1, 160.
81.1.1, 60, 921.
81, 2, 3. 1, 60, 924.
81,1-7. 1,157.
61,61,601520. 11, 1675. 1v,
1265, 1266.
81. 6, 7.__1. 610. 111,55. ν, 971.
81, 8. 1V, 748.
82, 2. 111,890.
82,11.11, 1561.
8‘2, 18. 1, 620.
83, 1-3. 1, 650.
83, 1, 2. 11, 56.
85, 2. 11,1390.
83, 2, 5, 1.11, 70.
81,1. 1, 639. 11, 123.
85ii1.:1)1, 403. llu. 16, 17. (ante
85, 1. 111, 1221.
85, 9. 11, 208.
85.11. 111¹ 1221.
εδ, 16. 1, 601.
exp]. de Christo ﬁeocali ex-
88, 5. 1V, 30, 3'3, 151.
86', 26. 111,17. (ubi s9, 10.)
101,11. 11, 105:1.
118,105. 11,120, 700. ιιι, 1120.
