1251
118,105.1,1011.
11861115. 111, 1519. (lin. 5-5). 1ν,
118,115.1ν,1014.
118, 155. 111. 538.
131), 5. 111, 274.
958, 965,
154, 7. Ι, 809. 11.1121.1V, 419.
111.
15131:, 1V, 499, 531, 532, 511,
Dei τὸ ἀσώματον.
158, 17. 1, 1455. (Plane θ 6mm,
υι ξ⁰19¹’.ῗ⁴ὶ¹ξ¹ ῖξῑπτκτωεη εῑιξξι
158, 19. 1V, 1014.
158ὀᾶ1, 22. 11, 16. 111, 1518. ιν,
140, 5. Ι, 90.
142, 2. 1, 222. 111, 274.
143, 4. 1, 653, 1566.
111, 6. 11,687,
144, 5. 1,1581. .
144, 21. 1, 1585. 1V, 266.
145, 5. 11, 190, 501.
1.
145, 5. 1, 10. 11, 572. 1V, 1563.
145, 6. Ι, 10.
145, 8. 11. 672.
146, 8.1, 718. 111, 220.
146, 11. 111, 274, 403.
117,7.”{91 Δ[1816111³61- ) 1.
118. 2. 1,
Ηὲειηῖὶεηίρτῗῖἐῖιιο non ιιιει-ιιυάηίιι.
14,15,19.11,1158.
1⁵7 7 κ ηκυθε.

1V, 10H.
118, 108. 1, 777.
118,127.11, 87.
118,156. ν, 6111.
118, 158.11,700
119, 6 1v,1151
120, 1. 1v, 270.
125,1,5. 1, 1535.
125, 8. ιν, 1195. Latine [ρο.
125,6.11, 615.
1728,6117, 2:11.
151,1. 111.1200.
151, 1.11.109.
151,10. Ill, 670. De Abrahawo, ν
loco Davidis.
151,11. 11,256.1V, 51, 267.
151, 17. 1, 710.
159,511,911. Mite exp]. τοι-οη
_ Hermonis, legem.
152,15. 11, 1276.
151, δ. 1, 1252.
151, 6. 11, 529. 1v,10, 800. v,011,
155 (136). 111, 855.
155, 11, 6. 1v, 591.
155, θ, 9. 1. 52.
155,10. 1,1552.
155, 15 expi. Ι, 115.
156,1.111, 1179.
156i740. 1,911, 1156, 1550. 111,
156, 7. 11, 667.
156, 9. 11,613.
157, 25.11.6011.
13g, 7, 837,125. Ad probandum
158, 7-10. 1V, 579.
1.78, 15. 111,125.
6313111151. 111', 151s. 1v.
150,11.11.686.
110, ι. 1v, 1055.
145,15. 11. 572.
111, 15. 111, 565.
1111,21,,1117. 11,501.
“fisi. 11, 190, 952. ιν, ΗΞ.267 .
111,9.1v.1071.
14ἷ1ὶ 8. 11, 754 Mislum e 115.105,
116,10. 11,187.
13. Ad illuslr. Gen. Ι, 2,
143, )11. IV, 662. (Med. add. ad
147,18. 1V, 419.
143, 1.1.718.
118,5 IV, 405. De angam, qui
Ρτογ. 1, 6. Ii, 670.
5, 2. 1V,1060.
