1249
79,16, 1'7. 11,’1887, 1811.
72, 18-20. 11, 1537.
74, 5, 6. ιν, 563.
75,2. ιι, 1008.
77, 23. 11, 168. ν, 125.
77, 56, 37. 11, 410.
78,12. ΙΙ, 1611.
. 79,8. ι, 111. 11, 1886.
80, 5. 1, 230. (υὴὶὒμῶν ρΐοὴμῶν )
cam 1198118111 fuisse διδακτὴν,
nqn φυσικήν. .80,10. Ι, 1471.
80,11. 1, 169.
81,8. ιν, 748.
11.. a.
87, 5. ,ἐν ἳεκρᾳῖς ἐλεύθερος, 1,Δ 222.
88, 9, 5. ιν, 50.
88. 1. 11, 1116. ιν, 50.

72, 2. 11, 1536.
7i: Ξῖ ’11, 1556'. v, 721.
72, 1. 1, 1557.
72, 5. ibid.
72, 6 seqq. V, 157.
72, 22, 25 11, 1557. 1v, 555. Me-
morabilitvr expl.
72, 27. 11, 171, 753.
71, 8. 1, 673.
71, 9.11, 524.
75, 6.11, 60,1531.
75, 8, 9. 1v, 1221.
76, 5. 1, 657, 1211.
77,1-7. 11, 1051.
77, 6. 11,13\3.
77, 20. 11, 1515.
77, 21. 11, 168.
77, 25. 71,111.
77, 50, 31. 1,231 (ubi πλείοσιν pro
773:53‘1'1), 1168.
77,19. 11,605, 1619.
77, 65. 11, 108.
77, 65, 66. 1v, 1228.
78,1. 11, 555.656. 17,1505.
79._1V. 310. Alleg9111s ad locum
plane alienum, E11jus postrema
xerba ex 183.51, β. 981119, re-
liqua ex pluribus forte mista.79. 6.1.1318.
79, 9. 11. 770.
79, 11, 12. 11,798.
79,13. 11, 103.
79, 14. 11. 65. 103.
80, 6. 1, _73. 111 probetur, He'brai;
80, 8. 111, 516. (ub1 leg. Ps. 89.)
80, 9. V, 411.
80,11. 11. 130. -
80, 12. 11, 850.
80,15. 1, 160. 11, 1018.
81,1.1, 60, 921.
81, 2, 5. 1, 60, 921.
81,1—7. 1,157.
81, _6_.__1, 60,1520. 11, 1673. 1v,
1265, 1266.
81, 6, 7_.__1, 610. 1v, 55. v, 971.
89, 9. 111,890.
82, 10. 11,201.
82, ‘11. 11, 1561.
82, 18. 1, 620.
.82, 19. ιν, 381.
83,1-3. 1, 650.
83, 1, 2. 11,
88, 9. 11,1590.
88, 2,5,1. 11,70.
81,1. 1, 639. 11, 123. ·
85i.:.a11)1, 103. 1111. 16, 17. (ante1. .
85,1.111, 1221.
85, 9. 11, 208.
85.11. 111, 1221.
85, 16. 1, 804.
86. 1. 1, 1305.
87, 1, 5. 1v, 59.
expl. de Christo [Seccali ex-
perte.87, 7. 111, 425.
88, 8. 1v. 50, 52,151.
88, 6. 1, 1108.
88, 16. 11, 215.
88, 96. 111,17. (ubi 89, 10.)
